010000000000000000000000
000000000000000000000000
000000000000000000000000
000000000000000000000000
000000000000000000000000
000000000000000000000000
000000000000000000000000
000000000000000000000000
000000000000000000100000
000000000000000000000000
000000000000000000000000
000000000000000000000000
000000000000000000000000
000000000000000000000000
000000000000000000000000
000000000000000000000000
000000000000000000000000
000000000000000000000000
000000000000000000000000
000000000000000000010000
000000000000000000000000
000000000000000000000000
000000000000000000000000
000000000000000000000000
000000000000000000000000
000000000000000000000000
000000000000000000000000
000000000000000000000000
000000000000000000000000
000000000000000000001010
001010000000000000000000
000000000000000000000001
000101000000000000000001
000100000000000000000001
000100000000000000000001
000100000000000000000001
000100000000000000000001
000100000000000000000001
000100000000000000000001
000100000000000000000001
010100000000000000000001
000100000000000000000001
000100000000000000000001
000100000000000000000001
000100000000000000000001
000100000000000000000001
000100000000000000000001
000100001000000000000001
000100000000000000000001
000100000000000000001011
001110000000000000000001
000100000000000000000000
000001000000000000000000
000000000000000000000000
000000000000000000000000
000000000000000000000000
000000000000000000000000
000000000000000000000000
000000000000000000000000
000000000000000000000000
000000000000000000000000
000000000000000000000000
000000100010000000000000
000000000000000000000000
000000010101000000000000
000000010000000000000000
000000010000000000000000
000000011000000000000000
000000010000000000000000
000000010000000000000000
000000010000000000000000
000000010000000000000000
000000010000000000000000
000000010000000000000000
000000010000000000000000
000000010000000000000000
000000010000000000000000
000000010000000000000000
000000010000000000000000
000000010000000000000000
000000010000000000000000
000000010000000000000000
000000010000000000000000
000000010000000000000000
000000010000001010000000
000000010000000000000000
000000010000000000000000
000000010000000000000000
000000010000000000000000
000000010000000000000000
000000010000000000000000
000000010000000000000000
000000010000000000000000
000000010000000000000000
000000010000100000000000
000000010000000000000000
000000010000010100000000
000000010000010100000000
000000010000010100000000
000000010000010100000000
000000010000010100000000
000000010000010100000000
000000110010010100000000
000000010000010100000000
000000000101010100000000
000000000000010100000000
000000000000010100000000
000000000000010100000000
000000000000010100000000
000000000000010100000000
000000000000010100000000
000000000000010100000000
000000000000010100000000
000000000000010100000000
000000000000010100000000
000000000000010100000000
000000000000010100000000
000000000000010100000000
000000000000010100000000
000000000000010100000000
000000000000010100000000
000000000000010100000000
000000000000010100000000
000000000000010100000000
000000000000010100000000
000000000000010100000000
000000000000010100000000
000000000000010100000000
